SentenceID, Surprisal, Condition, EmbeddingLevel
1,9.688013,wh-ngap,1
2,9.977133,wh-ngap,1
3,9.737965,wh-ngap,1
4,9.611639,wh-ngap,1
5,9.663393,wh-ngap,1
6,9.704079,wh-ngap,1
7,9.787072,wh-ngap,1
8,9.832215,wh-ngap,1
9,9.938884,wh-ngap,1
10,9.746741,wh-ngap,1
1,9.684654,wh-gap,1
2,9.912221,wh-gap,1
3,9.654821,wh-gap,1
4,9.633065,wh-gap,1
5,9.780797,wh-gap,1
6,9.63352,wh-gap,1
7,9.689426,wh-gap,1
8,9.84215,wh-gap,1
9,9.835587,wh-gap,1
10,9.8041525,wh-gap,1
1,9.853966,nwh-ngap,1
2,9.926537,nwh-ngap,1
3,9.885627,nwh-ngap,1
4,9.601892,nwh-ngap,1
5,9.893542,nwh-ngap,1
6,9.769478,nwh-ngap,1
7,9.968565,nwh-ngap,1
8,9.807723,nwh-ngap,1
9,9.701949,nwh-ngap,1
10,9.765001,nwh-ngap,1
1,9.674896,nwh-gap,1
2,9.97426,nwh-gap,1
3,9.704523,nwh-gap,1
4,9.526923,nwh-gap,1
5,9.863844,nwh-gap,1
6,9.628916,nwh-gap,1
7,9.632628,nwh-gap,1
8,9.847832,nwh-gap,1
9,9.8297,nwh-gap,1
10,9.660743,nwh-gap,1
1,9.853095,wh-ngap,2
2,10.04674,wh-ngap,2
3,9.932989,wh-ngap,2
4,9.850428,wh-ngap,2
5,9.813882,wh-ngap,2
6,9.71382,wh-ngap,2
7,9.959829,wh-ngap,2
8,9.889544,wh-ngap,2
9,9.954673,wh-ngap,2
10,9.846231,wh-ngap,2
1,9.855554,wh-gap,2
2,10.137129,wh-gap,2
3,9.707233,wh-gap,2
4,9.903765,wh-gap,2
5,9.7798605,wh-gap,2
6,9.660844,wh-gap,2
7,9.875532,wh-gap,2
8,9.929729,wh-gap,2
9,9.957903,wh-gap,2
10,9.864194,wh-gap,2
1,10.025311,nwh-ngap,2
2,9.9691725,nwh-ngap,2
3,10.112318,nwh-ngap,2
4,9.849723,nwh-ngap,2
5,9.902453,nwh-ngap,2
6,9.843093,nwh-ngap,2
7,10.086966,nwh-ngap,2
8,9.944009,nwh-ngap,2
9,9.824524,nwh-ngap,2
10,9.926133,nwh-ngap,2
1,9.960669,nwh-gap,2
2,10.087792,nwh-gap,2
3,9.909101,nwh-gap,2
4,9.797979,nwh-gap,2
5,9.916359,nwh-gap,2
6,9.89914,nwh-gap,2
7,9.821619,nwh-gap,2
8,10.014202,nwh-gap,2
9,10.08812,nwh-gap,2
10,9.8537855,nwh-gap,2
1,9.977947,wh-ngap,3
2,10.042012,wh-ngap,3
3,9.970196,wh-ngap,3
4,9.869719,wh-ngap,3
5,10.000029,wh-ngap,3
6,9.800444,wh-ngap,3
7,10.055958,wh-ngap,3
8,9.962545,wh-ngap,3
9,10.043976,wh-ngap,3
10,9.924647,wh-ngap,3
1,9.875802,wh-gap,3
2,10.138742,wh-gap,3
3,9.874026,wh-gap,3
4,9.8946495,wh-gap,3
5,9.985113,wh-gap,3
6,9.84109,wh-gap,3
7,9.93329,wh-gap,3
8,9.833383,wh-gap,3
9,10.016102,wh-gap,3
10,9.893392,wh-gap,3
1,10.1230545,nwh-ngap,3
2,9.9521055,nwh-ngap,3
3,10.134921,nwh-ngap,3
4,9.796067,nwh-ngap,3
5,10.083289,nwh-ngap,3
6,9.827827,nwh-ngap,3
7,10.086763,nwh-ngap,3
8,9.875023,nwh-ngap,3
9,9.790178,nwh-ngap,3
10,9.877615,nwh-ngap,3
1,9.971276,nwh-gap,3
2,10.0330105,nwh-gap,3
3,10.092347,nwh-gap,3
4,9.872646,nwh-gap,3
5,10.057455,nwh-gap,3
6,9.863712,nwh-gap,3
7,9.940092,nwh-gap,3
8,9.88369,nwh-gap,3
9,9.99952,nwh-gap,3
10,9.775913,nwh-gap,3
1,10.174154,wh-ngap,4
2,10.021782,wh-ngap,4
3,10.124372,wh-ngap,4
4,9.788685,wh-ngap,4
5,10.019029,wh-ngap,4
6,9.977508,wh-ngap,4
7,10.069218,wh-ngap,4
8,9.875871,wh-ngap,4
9,10.060068,wh-ngap,4
10,9.984084,wh-ngap,4
1,9.973008,wh-gap,4
2,10.058185,wh-gap,4
3,9.9655905,wh-gap,4
4,9.921115,wh-gap,4
5,10.010205,wh-gap,4
6,9.988192,wh-gap,4
7,9.9682255,wh-gap,4
8,9.78977,wh-gap,4
9,10.01599,wh-gap,4
10,9.876471,wh-gap,4
1,10.283354,nwh-ngap,4
2,9.997445,nwh-ngap,4
3,10.180924,nwh-ngap,4
4,9.871685,nwh-ngap,4
5,10.084903,nwh-ngap,4
6,10.021159,nwh-ngap,4
7,10.1178665,nwh-ngap,4
8,9.946056,nwh-ngap,4
9,9.890294,nwh-ngap,4
10,9.932233,nwh-ngap,4
1,10.069379,nwh-gap,4
2,10.047448,nwh-gap,4
3,10.0292425,nwh-gap,4
4,9.972886,nwh-gap,4
5,10.121363,nwh-gap,4
6,9.995543,nwh-gap,4
7,9.937001,nwh-gap,4
8,9.865291,nwh-gap,4
9,10.0340805,nwh-gap,4
10,9.89469,nwh-gap,4
1,10.093022,wh-ngap,1
2,10.069242,wh-ngap,1
3,10.0586,wh-ngap,1
4,9.961369,wh-ngap,1
5,10.003988,wh-ngap,1
6,9.974257,wh-ngap,1
7,10.101206,wh-ngap,1
8,10.200758,wh-ngap,1
9,10.054073,wh-ngap,1
10,9.988409,wh-ngap,1
1,9.909394,wh-gap,1
2,10.0110855,wh-gap,1
3,9.80451,wh-gap,1
4,9.907394,wh-gap,1
5,9.937216,wh-gap,1
6,9.718505,wh-gap,1
7,9.942022,wh-gap,1
8,10.0277815,wh-gap,1
9,9.891615,wh-gap,1
10,9.817253,wh-gap,1
1,10.164977,nwh-ngap,1
2,10.247803,nwh-ngap,1
3,10.164603,nwh-ngap,1
4,10.017095,nwh-ngap,1
5,10.182328,nwh-ngap,1
6,10.06108,nwh-ngap,1
7,10.12631,nwh-ngap,1
8,10.286399,nwh-ngap,1
9,10.029057,nwh-ngap,1
10,9.997101,nwh-ngap,1
1,10.064633,nwh-gap,1
2,10.213696,nwh-gap,1
3,9.842879,nwh-gap,1
4,9.987657,nwh-gap,1
5,10.18229,nwh-gap,1
6,9.784317,nwh-gap,1
7,10.042664,nwh-gap,1
8,10.1828985,nwh-gap,1
9,10.001231,nwh-gap,1
10,9.879702,nwh-gap,1
1,10.156302,wh-ngap,2
2,10.068832,wh-ngap,2
3,10.275784,wh-ngap,2
4,10.105827,wh-ngap,2
5,10.129341,wh-ngap,2
6,10.091084,wh-ngap,2
7,10.203453,wh-ngap,2
8,10.264098,wh-ngap,2
9,9.988563,wh-ngap,2
10,10.005296,wh-ngap,2
1,10.08909,wh-gap,2
2,10.015577,wh-gap,2
3,10.283196,wh-gap,2
4,9.999634,wh-gap,2
5,10.162219,wh-gap,2
6,9.968253,wh-gap,2
7,10.088954,wh-gap,2
8,10.083419,wh-gap,2
9,9.938599,wh-gap,2
10,9.830562,wh-gap,2
1,10.422668,nwh-ngap,2
2,10.265069,nwh-ngap,2
3,10.286918,nwh-ngap,2
4,10.121117,nwh-ngap,2
5,10.24108,nwh-ngap,2
6,10.171684,nwh-ngap,2
7,10.325366,nwh-ngap,2
8,10.335305,nwh-ngap,2
9,9.916033,nwh-ngap,2
10,10.035033,nwh-ngap,2
1,10.271779,nwh-gap,2
2,10.209932,nwh-gap,2
3,10.304139,nwh-gap,2
4,10.058169,nwh-gap,2
5,10.324004,nwh-gap,2
6,10.064745,nwh-gap,2
7,10.24938,nwh-gap,2
8,10.209039,nwh-gap,2
9,9.97752,nwh-gap,2
10,9.958895,nwh-gap,2
1,10.203111,wh-ngap,3
2,10.079539,wh-ngap,3
3,10.254697,wh-ngap,3
4,10.1405,wh-ngap,3
5,10.159929,wh-ngap,3
6,10.11168,wh-ngap,3
7,10.269668,wh-ngap,3
8,10.261124,wh-ngap,3
9,10.007977,wh-ngap,3
10,10.071444,wh-ngap,3
1,10.07092,wh-gap,3
2,10.102417,wh-gap,3
3,10.281018,wh-gap,3
4,10.02499,wh-gap,3
5,10.235014,wh-gap,3
6,9.991947,wh-gap,3
7,10.178837,wh-gap,3
8,10.09646,wh-gap,3
9,9.988097,wh-gap,3
10,9.919434,wh-gap,3
1,10.31028,nwh-ngap,3
2,10.165415,nwh-ngap,3
3,10.479365,nwh-ngap,3
4,10.1322975,nwh-ngap,3
5,10.29166,nwh-ngap,3
6,10.064429,nwh-ngap,3
7,10.3927355,nwh-ngap,3
8,10.32297,nwh-ngap,3
9,9.886269,nwh-ngap,3
10,10.089698,nwh-ngap,3
1,10.343267,nwh-gap,3
2,10.225491,nwh-gap,3
3,10.4557,nwh-gap,3
4,10.038319,nwh-gap,3
5,10.403218,nwh-gap,3
6,9.9364195,nwh-gap,3
7,10.340403,nwh-gap,3
8,10.179081,nwh-gap,3
9,9.93137,nwh-gap,3
10,10.097607,nwh-gap,3
1,10.265835,wh-ngap,4
2,10.1514845,wh-ngap,4
3,10.371918,wh-ngap,4
4,10.097671,wh-ngap,4
5,10.213332,wh-ngap,4
6,10.174876,wh-ngap,4
7,10.299035,wh-ngap,4
8,10.20683,wh-ngap,4
9,10.031654,wh-ngap,4
10,10.075901,wh-ngap,4
1,10.295613,wh-gap,4
2,10.200874,wh-gap,4
3,10.381371,wh-gap,4
4,10.00399,wh-gap,4
5,10.296683,wh-gap,4
6,10.123834,wh-gap,4
7,10.279838,wh-gap,4
8,10.057057,wh-gap,4
9,10.007113,wh-gap,4
10,9.9448395,wh-gap,4
1,10.47247,nwh-ngap,4
2,10.22193,nwh-ngap,4
3,10.481126,nwh-ngap,4
4,10.158397,nwh-ngap,4
5,10.287864,nwh-ngap,4
6,10.190311,nwh-ngap,4
7,10.438163,nwh-ngap,4
8,10.203698,nwh-ngap,4
9,10.006868,nwh-ngap,4
10,10.143213,nwh-ngap,4
1,10.458468,nwh-gap,4
2,10.354732,nwh-gap,4
3,10.445941,nwh-gap,4
4,10.10647,nwh-gap,4
5,10.43874,nwh-gap,4
6,10.114636,nwh-gap,4
7,10.369545,nwh-gap,4
8,10.112963,nwh-gap,4
9,10.0496,nwh-gap,4
10,10.154442,nwh-gap,4
