SentenceID, Surprisal, Condition, EmbeddingLevel
1,9.960842,wh-ngap,1
2,9.750889,wh-ngap,1
3,9.818914,wh-ngap,1
4,9.695821,wh-ngap,1
5,9.807498,wh-ngap,1
6,9.907955,wh-ngap,1
7,10.015984,wh-ngap,1
8,9.80617,wh-ngap,1
9,9.763417,wh-ngap,1
10,9.620339,wh-ngap,1
1,10.0630045,wh-gap,1
2,9.63341,wh-gap,1
3,9.794647,wh-gap,1
4,9.539193,wh-gap,1
5,10.021102,wh-gap,1
6,9.913532,wh-gap,1
7,10.106937,wh-gap,1
8,9.608912,wh-gap,1
9,9.643259,wh-gap,1
10,9.386034,wh-gap,1
1,9.821689,nwh-ngap,1
2,9.755254,nwh-ngap,1
3,9.825588,nwh-ngap,1
4,9.695994,nwh-ngap,1
5,9.84702,nwh-ngap,1
6,9.83543,nwh-ngap,1
7,9.834989,nwh-ngap,1
8,9.7624035,nwh-ngap,1
9,9.719536,nwh-ngap,1
10,9.667412,nwh-ngap,1
1,9.75521,nwh-gap,1
2,9.886929,nwh-gap,1
3,9.672546,nwh-gap,1
4,9.64438,nwh-gap,1
5,9.940085,nwh-gap,1
6,9.870016,nwh-gap,1
7,9.762299,nwh-gap,1
8,9.908151,nwh-gap,1
9,9.946095,nwh-gap,1
10,9.673698,nwh-gap,1
1,9.955924,wh-ngap,2
2,9.716685,wh-ngap,2
3,9.927835,wh-ngap,2
4,9.82473,wh-ngap,2
5,9.906896,wh-ngap,2
6,9.797737,wh-ngap,2
7,10.03449,wh-ngap,2
8,9.781986,wh-ngap,2
9,9.812231,wh-ngap,2
10,9.632932,wh-ngap,2
1,9.938924,wh-gap,2
2,9.722666,wh-gap,2
3,9.892593,wh-gap,2
4,9.794837,wh-gap,2
5,10.020714,wh-gap,2
6,9.827623,wh-gap,2
7,10.054811,wh-gap,2
8,9.800406,wh-gap,2
9,9.795055,wh-gap,2
10,9.559685,wh-gap,2
1,9.949892,nwh-ngap,2
2,9.865377,nwh-ngap,2
3,9.922614,nwh-ngap,2
4,9.926511,nwh-ngap,2
5,9.849284,nwh-ngap,2
6,9.851002,nwh-ngap,2
7,9.957355,nwh-ngap,2
8,9.802136,nwh-ngap,2
9,9.843459,nwh-ngap,2
10,9.803447,nwh-ngap,2
1,9.794196,nwh-gap,2
2,9.988079,nwh-gap,2
3,9.839893,nwh-gap,2
4,9.732255,nwh-gap,2
5,9.925953,nwh-gap,2
6,9.792975,nwh-gap,2
7,9.749282,nwh-gap,2
8,9.835191,nwh-gap,2
9,9.834056,nwh-gap,2
10,9.691386,nwh-gap,2
1,10.04714,wh-ngap,3
2,9.748977,wh-ngap,3
3,9.959596,wh-ngap,3
4,9.794084,wh-ngap,3
5,10.035282,wh-ngap,3
6,9.898403,wh-ngap,3
7,9.993087,wh-ngap,3
8,9.672982,wh-ngap,3
9,9.82608,wh-ngap,3
10,9.741738,wh-ngap,3
1,9.939639,wh-gap,3
2,9.761494,wh-gap,3
3,9.889097,wh-gap,3
4,9.808053,wh-gap,3
5,10.085411,wh-gap,3
6,9.969016,wh-gap,3
7,9.944311,wh-gap,3
8,9.736178,wh-gap,3
9,9.858945,wh-gap,3
10,9.713319,wh-gap,3
1,10.045608,nwh-ngap,3
2,9.906848,nwh-ngap,3
3,10.010149,nwh-ngap,3
4,9.79954,nwh-ngap,3
5,10.053223,nwh-ngap,3
6,9.908984,nwh-ngap,3
7,9.997558,nwh-ngap,3
8,9.88582,nwh-ngap,3
9,9.978396,nwh-ngap,3
10,9.88546,nwh-ngap,3
1,9.902443,nwh-gap,3
2,9.964996,nwh-gap,3
3,9.858759,nwh-gap,3
4,9.799138,nwh-gap,3
5,9.984343,nwh-gap,3
6,9.955488,nwh-gap,3
7,9.859667,nwh-gap,3
8,9.799784,nwh-gap,3
9,10.025762,nwh-gap,3
10,9.819574,nwh-gap,3
1,10.1947975,wh-ngap,4
2,9.768985,wh-ngap,4
3,10.148254,wh-ngap,4
4,9.831228,wh-ngap,4
5,10.1022625,wh-ngap,4
6,10.077645,wh-ngap,4
7,10.08532,wh-ngap,4
8,9.688773,wh-ngap,4
9,9.863047,wh-ngap,4
10,9.79642,wh-ngap,4
1,10.060568,wh-gap,4
2,9.746233,wh-gap,4
3,10.022292,wh-gap,4
4,9.833313,wh-gap,4
5,10.126769,wh-gap,4
6,10.04583,wh-gap,4
7,9.942058,wh-gap,4
8,9.656578,wh-gap,4
9,9.9598465,wh-gap,4
10,9.741147,wh-gap,4
1,10.115748,nwh-ngap,4
2,9.942913,nwh-ngap,4
3,10.140706,nwh-ngap,4
4,9.85054,nwh-ngap,4
5,10.071971,nwh-ngap,4
6,10.010059,nwh-ngap,4
7,10.063792,nwh-ngap,4
8,9.884758,nwh-ngap,4
9,10.062269,nwh-ngap,4
10,9.934703,nwh-ngap,4
1,10.0130415,nwh-gap,4
2,9.980996,nwh-gap,4
3,9.9530325,nwh-gap,4
4,9.808994,nwh-gap,4
5,10.00272,nwh-gap,4
6,10.009825,nwh-gap,4
7,9.891947,nwh-gap,4
8,9.781734,nwh-gap,4
9,10.0618725,nwh-gap,4
10,9.823358,nwh-gap,4
1,10.061258,wh-ngap,1
2,9.800794,wh-ngap,1
3,10.018837,wh-ngap,1
4,9.656546,wh-ngap,1
5,9.825773,wh-ngap,1
6,10.263228,wh-ngap,1
7,10.064736,wh-ngap,1
8,10.063653,wh-ngap,1
9,9.721496,wh-ngap,1
10,9.610517,wh-ngap,1
1,10.011704,wh-gap,1
2,9.747937,wh-gap,1
3,10.043589,wh-gap,1
4,9.697136,wh-gap,1
5,9.806291,wh-gap,1
6,10.121905,wh-gap,1
7,10.055806,wh-gap,1
8,9.941181,wh-gap,1
9,9.560217,wh-gap,1
10,9.565097,wh-gap,1
1,9.88315,nwh-ngap,1
2,9.865732,nwh-ngap,1
3,9.925085,nwh-ngap,1
4,9.809327,nwh-ngap,1
5,9.954318,nwh-ngap,1
6,9.992807,nwh-ngap,1
7,9.9294405,nwh-ngap,1
8,9.913799,nwh-ngap,1
9,9.676972,nwh-ngap,1
10,9.797001,nwh-ngap,1
1,9.750836,nwh-gap,1
2,9.739449,nwh-gap,1
3,9.97929,nwh-gap,1
4,9.933695,nwh-gap,1
5,10.049745,nwh-gap,1
6,9.797679,nwh-gap,1
7,9.815164,nwh-gap,1
8,9.935764,nwh-gap,1
9,9.924702,nwh-gap,1
10,9.632648,nwh-gap,1
1,10.161252,wh-ngap,2
2,9.816065,wh-ngap,2
3,10.03559,wh-ngap,2
4,9.776254,wh-ngap,2
5,9.917654,wh-ngap,2
6,10.193255,wh-ngap,2
7,10.051101,wh-ngap,2
8,10.107544,wh-ngap,2
9,9.774244,wh-ngap,2
10,9.771354,wh-ngap,2
1,9.969275,wh-gap,2
2,9.649581,wh-gap,2
3,10.014197,wh-gap,2
4,9.81303,wh-gap,2
5,9.927712,wh-gap,2
6,9.994997,wh-gap,2
7,10.009786,wh-gap,2
8,9.992756,wh-gap,2
9,9.767435,wh-gap,2
10,9.639255,wh-gap,2
1,10.090322,nwh-ngap,2
2,10.016296,nwh-ngap,2
3,10.136764,nwh-ngap,2
4,9.852924,nwh-ngap,2
5,9.936514,nwh-ngap,2
6,10.110046,nwh-ngap,2
7,10.019842,nwh-ngap,2
8,10.073919,nwh-ngap,2
9,9.818143,nwh-ngap,2
10,9.972908,nwh-ngap,2
1,9.797237,nwh-gap,2
2,9.845008,nwh-gap,2
3,10.036487,nwh-gap,2
4,10.03405,nwh-gap,2
5,9.948747,nwh-gap,2
6,9.9008875,nwh-gap,2
7,9.81778,nwh-gap,2
8,9.918342,nwh-gap,2
9,9.862287,nwh-gap,2
10,9.79975,nwh-gap,2
1,10.219652,wh-ngap,3
2,9.986187,wh-ngap,3
3,10.159278,wh-ngap,3
4,9.809966,wh-ngap,3
5,10.058472,wh-ngap,3
6,10.261987,wh-ngap,3
7,10.026508,wh-ngap,3
8,10.047648,wh-ngap,3
9,9.834046,wh-ngap,3
10,9.869535,wh-ngap,3
1,10.052489,wh-gap,3
2,9.853682,wh-gap,3
3,10.08418,wh-gap,3
4,9.887462,wh-gap,3
5,10.02138,wh-gap,3
6,10.125963,wh-gap,3
7,9.941907,wh-gap,3
8,9.887601,wh-gap,3
9,9.857016,wh-gap,3
10,9.728525,wh-gap,3
1,10.271998,nwh-ngap,3
2,10.162971,nwh-ngap,3
3,10.175678,nwh-ngap,3
4,9.784866,nwh-ngap,3
5,10.0475445,nwh-ngap,3
6,10.145932,nwh-ngap,3
7,10.090513,nwh-ngap,3
8,10.06654,nwh-ngap,3
9,9.956986,nwh-ngap,3
10,10.043961,nwh-ngap,3
1,9.969049,nwh-gap,3
2,9.919561,nwh-gap,3
3,10.101968,nwh-gap,3
4,9.946324,nwh-gap,3
5,10.054836,nwh-gap,3
6,10.017103,nwh-gap,3
7,9.890349,nwh-gap,3
8,9.934694,nwh-gap,3
9,9.958296,nwh-gap,3
10,9.853353,nwh-gap,3
1,10.328818,wh-ngap,4
2,9.996364,wh-ngap,4
3,10.234847,wh-ngap,4
4,9.880184,wh-ngap,4
5,10.162908,wh-ngap,4
6,10.396471,wh-ngap,4
7,10.120573,wh-ngap,4
8,10.077384,wh-ngap,4
9,9.8248625,wh-ngap,4
10,9.912846,wh-ngap,4
1,10.091274,wh-gap,4
2,9.914113,wh-gap,4
3,10.135701,wh-gap,4
4,10.006045,wh-gap,4
5,10.046358,wh-gap,4
6,10.188185,wh-gap,4
7,10.067824,wh-gap,4
8,9.976669,wh-gap,4
9,9.873989,wh-gap,4
10,9.746561,wh-gap,4
1,10.393464,nwh-ngap,4
2,10.1847315,nwh-ngap,4
3,10.256976,nwh-ngap,4
4,9.850817,nwh-ngap,4
5,10.118691,nwh-ngap,4
6,10.257594,nwh-ngap,4
7,10.160198,nwh-ngap,4
8,10.1114855,nwh-ngap,4
9,9.998992,nwh-ngap,4
10,10.099398,nwh-ngap,4
1,10.111423,nwh-gap,4
2,10.014129,nwh-gap,4
3,10.149373,nwh-gap,4
4,9.997186,nwh-gap,4
5,10.0404005,nwh-gap,4
6,10.124898,nwh-gap,4
7,10.022012,nwh-gap,4
8,10.016748,nwh-gap,4
9,9.96437,nwh-gap,4
10,9.916198,nwh-gap,4
